-0.405894
-0.399597
-0.393301
-0.387004
-0.380708
-0.374411
-0.368114
-0.361818
-0.355521
-0.349225
-0.342928
-0.336632
-0.330335
-0.324039
-0.317742
-0.311446
-0.305149
-0.298852
-0.292556
-0.286259
-0.279963
-0.273666
-0.267370
-0.261073
-0.254777
-0.248480
-0.242183
-0.235887
-0.229590
-0.223294
-0.216997
-0.210701
-0.204404
-0.198108
-0.191811
-0.185515
-0.179218
-0.172921
-0.166625
-0.160328
-0.154032
-0.147735
-0.141439
-0.135142
-0.128846
-0.122549
-0.116253
-0.109956
-0.103659
-0.097363
-0.091066
-0.084770
-0.078473
-0.072177
-0.065880
-0.059584
-0.053287
-0.046991
-0.040694
-0.034397
-0.028101
-0.021804
-0.015508
-0.009211
-0.002915
0.003382
0.009678
0.015975
0.022271
0.028568
0.034865
0.041161
0.047458
0.053754
0.060051
0.066347
0.072644
0.078940
0.085237
0.091534
0.097830
0.104127
0.110423
0.116720
0.123016
0.129313
0.135609
0.141906
0.148202
0.154499
0.160796
0.167092
0.173389
0.179685
0.185982
0.192278
0.198575
0.204871
0.211168
0.217464
