-0.117405
-0.112216
-0.107027
-0.101838
-0.096648
-0.091459
-0.086270
-0.081081
-0.075892
-0.070702
-0.065513
-0.060324
-0.055135
-0.049945
-0.044756
-0.039567
-0.034378
-0.029188
-0.023999
-0.018810
-0.013621
-0.008431
-0.003242
0.001947
0.007136
0.012325
0.017515
0.022704
0.027893
0.033082
0.038272
0.043461
0.048650
0.053839
0.059029
0.064218
0.069407
0.074596
0.079786
0.084975
0.090164
0.095353
0.100542
0.105732
0.110921
0.116110
0.121299
0.126489
0.131678
0.136867
0.142056
0.147246
0.152435
0.157624
0.162813
0.168002
0.173192
0.178381
0.183570
0.188759
0.193949
0.199138
0.204327
0.209516
0.214706
0.219895
0.225084
0.230273
0.235463
0.240652
0.245841
0.251030
0.256219
0.261409
0.266598
0.271787
0.276976
0.282166
0.287355
0.292544
0.297733
0.302923
0.308112
0.313301
0.318490
0.323679
0.328869
0.334058
0.339247
0.344436
0.349626
0.354815
0.360004
0.365193
0.370383
0.375572
0.380761
0.385950
0.391140
0.396329
