-227.105725
-222.282175
-217.458624
-212.635074
-207.811524
-202.987973
-198.164423
-193.340873
-188.517322
-183.693772
-178.870222
-174.046671
-169.223121
-164.399571
-159.576020
-154.752470
-149.928920
-145.105369
-140.281819
-135.458269
-130.634718
-125.811168
-120.987618
-116.164068
-111.340517
-106.516967
-101.693417
-96.869866
-92.046316
-87.222766
-82.399215
-77.575665
-72.752115
-67.928564
-63.105014
-58.281464
-53.457913
-48.634363
-43.810813
-38.987262
-34.163712
-29.340162
-24.516611
-19.693061
-14.869511
-10.045961
-5.222410
-0.398860
4.424690
9.248241
14.071791
18.895341
23.718892
28.542442
33.365992
38.189543
43.013093
47.836643
52.660194
57.483744
62.307294
67.130845
71.954395
76.777945
81.601496
86.425046
91.248596
96.072146
100.895697
105.719247
110.542797
115.366348
120.189898
125.013448
129.836999
134.660549
139.484099
144.307650
