-0.469924
-0.458843
-0.447761
-0.436680
-0.425598
-0.414517
-0.403435
-0.392354
-0.381272
-0.370190
-0.359109
-0.348027
-0.336946
-0.325864
-0.314783
-0.303701
-0.292620
-0.281538
-0.270457
-0.259375
-0.248294
-0.237212
-0.226131
-0.215049
-0.203967
-0.192886
-0.181804
-0.170723
-0.159641
-0.148560
-0.137478
-0.126397
-0.115315
-0.104234
-0.093152
-0.082071
-0.070989
-0.059908
-0.048826
-0.037744
-0.026663
-0.015581
-0.004500
0.006582
0.017663
0.028745
0.039826
0.050908
0.061989
0.073071
0.084152
0.095234
0.106315
0.117397
0.128479
0.139560
0.150642
0.161723
0.172805
0.183886
0.194968
0.206049
0.217131
0.228212
0.239294
0.250375
0.261457
0.272538
0.283620
0.294701
0.305783
0.316865
0.327946
0.339028
0.350109
0.361191
0.372272
0.383354
0.394435
0.405517
0.416598
0.427680
0.438761
0.449843
0.460924
0.472006
0.483088
0.494169
0.505251
0.516332
0.527414
0.538495
0.549577
0.560658
0.571740
0.582821
0.593903
0.604984
0.616066
0.627147
